5.055674408334223990e+00 3.102823972736437508e+00 -3.638842342734084578e+00 1.381318689960553847e+00 9.851637323745676689e-01 -3.684172599371048351e-01 -7.406442553951715357e-01 3.636870853235995571e-01 -6.769695418738358450e-01 -5.218698878697594523e+00
3.102823972736437952e+00 1.876982845991858717e+00 -2.205062854707771081e+00 8.047414317399562700e-01 5.639695470090727580e-01 -1.889189888144165164e-01 -4.166819771746138046e-01 1.896154018856376078e-01 -3.795642596330205398e-01 -3.204131081559979499e+00
-3.638842342734093460e+00 -2.205062854707771081e+00 2.590522979910206303e+00 -9.505229316270916717e-01 -6.677099886514629157e-01 2.273487051022380634e-01 4.944776220346584483e-01 -2.274819299085002744e-01 4.505800428167096028e-01 3.757811710382627624e+00
1.381318689960556512e+00 8.047414317399568251e-01 -9.505229316270897844e-01 3.102775928862263610e-01 2.055428189322456300e-01 -4.233920133809709885e-02 -1.429380510941041238e-01 4.650634507553682434e-02 -1.285087260444017221e-01 -1.428180886374135206e+00
9.851637323745702224e-01 5.639695470090735352e-01 -6.677099886514614724e-01 2.055428189322456300e-01 1.316550371772071681e-01 -1.646217367914931673e-02 -8.798415739748878528e-02 2.072842065027537262e-02 -7.839256645519786237e-02 -1.019058567123584780e+00
-3.684172599371062229e-01 -1.889189888144171825e-01 2.273487051022372030e-01 -4.233920133809752212e-02 -1.646217367914940000e-02 -2.397035826185076046e-02 2.260546282891061701e-03 1.956757087518760235e-02 1.917963922950599533e-04 3.822176740040415521e-01
-7.406442553951730901e-01 -4.166819771746149703e-01 4.944776220346580042e-01 -1.429380510941050952e-01 -8.798415739748922937e-02 2.260546282891593827e-03 5.587281944982921272e-02 -6.425119728314404415e-03 4.917834188493171166e-02 7.664530139744563098e-01
3.636870853236020551e-01 1.896154018856381629e-01 -2.274819299084998303e-01 4.650634507553744190e-02 2.072842065027558078e-02 1.956757087518733174e-02 -6.425119728314169359e-03 -1.558044367019367944e-02 -4.186262259223329056e-03 -3.770705605251659098e-01
-6.769695418738368442e-01 -3.795642596330206509e-01 4.505800428167063831e-01 -1.285087260444026935e-01 -7.839256645519858402e-02 1.917963922953806874e-04 4.917834188493173248e-02 -4.186262259223443548e-03 4.315975094010831431e-02 7.005803620525659081e-01
-5.218698878697604293e+00 -3.204131081559973282e+00 3.757811710382615189e+00 -1.428180886374127212e+00 -1.019058567123577008e+00 3.822176740040401088e-01 7.664530139744550885e-01 -3.770705605251639669e-01 7.005803620525652420e-01 5.387098505638342694e+00
