-2.051925122508814425e+01 -1.321154459269845916e+01 1.552150990551180954e+01 -6.648031643219664666e+00 -4.949588716144694089e+00 2.337567011086813196e+00 3.865501438576041338e+00 -2.208448988258706169e+00 3.544943400624508190e+00 2.120071574295458561e+01
-1.321154459269844494e+01 -8.506397656043613864e+00 9.993694117451827452e+00 -4.280407971255757893e+00 -3.186846894242939765e+00 1.505068117087769997e+00 2.488845429527510422e+00 -1.421934064212153181e+00 2.282450626594032528e+00 1.365031298475000909e+01
1.552150990551178822e+01 9.993694117451836334e+00 -1.174103611794273583e+01 5.028813569777151216e+00 3.744049402344570510e+00 -1.768220931620555492e+00 -2.924006252005441731e+00 1.670551350585545158e+00 -2.681524462257058872e+00 -1.603699451790281216e+01
-6.648031643219654896e+00 -4.280407971255760557e+00 5.028813569777140557e+00 -2.153895590264646831e+00 -1.603617112773648046e+00 7.573482719901184490e-01 1.252383705363708355e+00 -7.155153273053876939e-01 1.148526115414979065e+00 6.868819313725301967e+00
-4.949588716144689649e+00 -3.186846894242944206e+00 3.744049402344561184e+00 -1.603617112773642717e+00 -1.193924095487155723e+00 5.638605022371021569e-01 9.324239999179090299e-01 -5.327150621900731409e-01 8.551000064588086813e-01 5.113969426292670484e+00
2.337567011086806090e+00 1.505068117087773771e+00 -1.768220931620549496e+00 7.573482719901131199e-01 5.638605022371040443e-01 -2.662972187133481050e-01 -4.403605445931786377e-01 2.515880060140704977e-01 -4.038423555796318842e-01 -2.415199910977577247e+00
3.865501438576028903e+00 2.488845429527515307e+00 -2.924006252005431961e+00 1.252383705363702360e+00 9.324239999179115834e-01 -4.403605445931789153e-01 -7.281991534547005429e-01 4.160367572622888921e-01 -6.678111040441200297e-01 -3.993878543824907368e+00
-2.208448988258702617e+00 -1.421934064212156290e+00 1.670551350585535166e+00 -7.155153273053813656e-01 -5.327150621900749172e-01 2.515880060140711638e-01 4.160367572622890031e-01 -2.376912724660130705e-01 3.815356896148156540e-01 2.281793751598623299e+00
3.544943400624496643e+00 2.282450626594038745e+00 -2.681524462257054431e+00 1.148526115414977733e+00 8.551000064588079042e-01 -4.038423555796322728e-01 -6.678111040441224722e-01 3.815356896148156540e-01 -6.124309106497290989e-01 -3.662674458101730313e+00
2.120071574295459982e+01 1.365031298475001797e+01 -1.603699451790282993e+01 6.868819313725276210e+00 5.113969426292639398e+00 -2.415199910977571029e+00 -3.993878543824902039e+00 2.281793751598623743e+00 -3.662674458101729869e+00 -2.190481236781248242e+01
