3.541975674037594501e+01 1.101673895760830391e+01 -1.742239072109003573e+01 -5.414064541602734870e+00 -8.381733764811805543e+00 1.229548676364848347e+01 9.906453278983914146e+00 -1.188169161749326186e+01 1.015048323412268338e+01 -3.817564634526613787e+01
1.101673895760831812e+01 -1.929647522332426368e-01 -2.768431341005316515e+00 -7.463374291854953491e+00 -8.705663446323177013e+00 1.019326665749243510e+01 9.299735039060148978e+00 -9.975111662170329296e+00 9.374484668253558084e+00 -1.226380153470435985e+01
-1.742239072109005349e+01 -2.768431341005313850e+00 6.925746492360033812e+00 6.769603731037109995e+00 8.575177711392766966e+00 -1.079434665504123636e+01 -9.498599566187898802e+00 1.060771378356451677e+01 -9.668883514234108745e+00 1.916145691666983097e+01
-5.414064541602718883e+00 -7.463374291854941056e+00 6.769603731037099337e+00 -7.994154682897410602e+00 -8.009883403978536265e+00 7.745730071712751297e+00 7.949080632168680438e+00 -7.700872979089243842e+00 7.917733884227073915e+00 5.069080625690739694e+00
-8.381733764811801990e+00 -8.705663446323155696e+00 8.575177711392774071e+00 -8.009883403978541594e+00 -7.737791930495649062e+00 7.093072306160523866e+00 7.510518447510555973e+00 -7.040972419524302417e+00 7.434147410420337998e+00 8.246145469137507789e+00
1.229548676364850124e+01 1.019326665749243865e+01 -1.079434665504125057e+01 7.745730071712756626e+00 7.093072306160519425e+00 -5.939235930209106229e+00 -6.651012272589857943e+00 5.894621177619708163e+00 -6.522529560866996867e+00 -1.243051888714975206e+01
9.906453278983921251e+00 9.299735039060161412e+00 -9.498599566187920118e+00 7.949080632168690208e+00 7.510518447510553308e+00 -6.651012272589856167e+00 -7.184979439006683677e+00 6.587035445462271710e+00 -7.079386667669647082e+00 -9.890046338978164542e+00
-1.188169161749325653e+01 -9.975111662170361271e+00 1.060771378356452921e+01 -7.700872979089258052e+00 -7.040972419524299752e+00 5.894621177619717933e+00 6.587035445462284144e+00 -5.821461702642386271e+00 6.445538597726869767e+00 1.202144175008521110e+01
1.015048323412267273e+01 9.374484668253588282e+00 -9.668883514234128285e+00 7.917733884227126318e+00 7.434147410420341551e+00 -6.522529560867017295e+00 -7.079386667669660405e+00 6.445538597726901742e+00 -6.961780086844778559e+00 -1.016646861205123287e+01
-3.817564634526629419e+01 -1.226380153470435097e+01 1.916145691666981676e+01 5.069080625690763675e+00 8.246145469137470485e+00 -1.243051888714980180e+01 -9.890046338978271123e+00 1.202144175008529103e+01 -1.016646861205117602e+01 4.116917031836909757e+01
