1.463545313842534767e+02
1.234507089316605466e+00
6.368682158587186670e+00
6.683855900756836554e+00
3.517347268910938851e+01
-7.932055940107260561e+00
5.888264530900062521e-01
1.192942597378443637e+01
3.757577606359814304e+00
2.097688063521379043e-01
1.302271794931144866e+00
-6.330804462978143476e-01
-2.128173890963169335e+00
-2.587402075186660433e+00
3.297978144637794884e+01
1.598186102193329683e+00
-1.027656153829749996e+01
2.143640630494631161e+00
2.420364500961624810e-01
-9.921643809918561097e-01
-1.080337113691854256e+00
2.846232256404723771e+00
2.946498638340454779e+00
9.050988707012765033e+00
-4.773289589312439851e+00
2.180839582927752929e+00
2.647143605513007092e-01
2.098359541686876106e+00
1.759406279604624856e+01
1.288765002912401059e+01
4.884574204369084960e+00
5.283693408205427211e+00
1.056084690566923001e-01
2.349094911301535582e+00
5.771406025348793989e+00
4.986107389265267642e+00
2.801448635609976812e+00
7.190952197276135216e+00
7.214632767273196912e+00
1.134280369137038891e+00
1.869675525777834135e+00
4.005855327814606959e-01
5.916581223804909584e+00
2.160962861651372524e+00
2.713196298904302139e+00
2.066544722841384019e+00
-2.404476647036912773e-01
5.066910151929688055e+01
2.613689584956840228e+00
2.854847496583904487e+01
-7.203578042686547001e-01
9.951169215433296245e+00
6.479361581204516884e-01
7.209782266349504809e-01
4.196969724962830384e+00
4.774634167641595539e+00
2.771894109052285415e+01
1.996543692075126586e+01
1.361985844368916432e+01
3.366357050182511301e+00
1.394351962688512581e+00
-3.112364029549772759e+00
1.277659066002599486e+00
5.631776126584213671e-01
3.123975690242338121e+00
2.671794959262192570e+00
-4.779139009870209343e+00
2.053896947581899557e+00
6.707318404990513017e+00
3.567636301901940143e+00
-1.086548436038330223e+01
-7.016560250100813967e+00
-2.114483549317348832e+00
6.311617989084783886e+00
7.466410273029730149e+01
1.494158722822252372e+00
7.390933057858070754e+01
7.318371022657628622e+00
-2.421418565172368531e+00
4.669144786896513466e+00
3.064079314331265014e+00
2.633520512272596203e+00
3.601131779709393577e+00
4.523496615290525114e+01
-1.468907661712271828e+00
1.646863152143848552e+01
8.286187413365393439e-01
5.129914635457149430e+00
1.303623871033900983e-01
-3.408568961189835100e-01
-1.051611406768205015e+01
3.777046993070636294e+00
1.077271218302327416e+00
1.645274533012262674e+00
8.355204180263460501e+01
5.644779840846321228e-01
6.268563665237584459e+00
2.628494355419438211e+00
-3.847164424846408082e+00
-3.480391916387217677e-01
-5.230721375050437771e+00
-4.661934759156869390e-01
8.281658168495967587e+00
5.878706292178300430e+00
2.826091078027746839e+00
-3.344581010830660617e-02
3.535375720616948048e+00
3.453985636830962935e+00
3.047630951942334576e+00
-8.690524758339793721e+01
3.404309625624462043e-01
1.813698113900059417e+00
4.444826191403599580e+00
2.703389556325162868e+00
1.010510256240134908e+00
5.832988638045872420e+00
1.895197037024097142e+00
2.331626968368460506e+00
3.709268093152694235e+00
-1.532631055847337720e-01
2.664591997967620696e+00
-9.964072284205190755e+00
-4.001823326387001778e-01
3.739089427347225936e+00
2.423956976948468522e+01
1.114518785061664241e+00
2.597504872120601771e+00
2.426227469828332595e+00
9.780366920778829076e-01
3.157112170698523457e+00
2.928981559484055808e+00
-1.443702397367681911e+00
-5.562811879479622412e+00
1.331354355683902702e+00
6.166580657205249505e-01
2.260861102077051488e+00
-9.219802846405227292e-01
2.745104420852342741e+02
6.953554047280761097e-01
3.188563563383138177e+00
1.462483796356645716e+00
-9.858543463302254395e+00
7.610752070005868397e+00
1.288078882082793974e+00
9.467393984715990474e-01
-3.380234498118608144e+01
2.655236600073556996e+00
2.131498765724805367e+01
1.595300118716387772e+01
-1.231659425278172293e+00
3.738508009075485639e+00
5.894237340541049974e+00
2.505338024910535033e+00
3.867028022013025534e+00
-5.504978342120889323e+00
4.326716488379316328e-01
3.938329889094205782e+00
2.000691579563350864e+00
4.113676101919383044e+00
1.786899726684273437e+00
5.535972066564167626e-01
3.547785123917736261e+00
-1.586382532054424921e+00
-1.147602361307962937e+01
7.266943978648061631e-01
2.672621291337097915e+01
2.722846960795366922e+00
1.384058786485507042e+01
5.705827145113628873e-02
1.836741092503324957e+00
-8.380709820314993230e-01
5.000687781503375007e+00
6.474272226698341015e-02
-2.190602662181164462e+01
4.041809669977421748e+00
1.237289677926725062e+00
-9.261450933474195679e-01
1.499433532962021864e+00
1.811308998074229848e+00
-1.655955118120824299e+00
5.439245562358475006e+00
2.881861737408952351e+00
2.488508968351329287e+00
2.516032646560784070e+00
4.872943502360692847e+00
-3.585832290722374083e+00
3.934250341848315458e+00
2.086602139092845505e+02
3.190439224069799184e+00
2.045954274861307809e+01
-1.316199988848065772e-02
-4.421098528971755037e+00
-6.494885812031882644e+00
3.089018940906075095e+00
7.754186246069718624e-01
-9.481518057782611919e-02
6.912960834073881955e+00
-4.796709088344234040e+00
-3.359929875051836490e+00
-4.792066452630803042e+01
1.605329196856807084e+00
6.083977064431078663e-01
4.031180467047293270e+00
-2.298180927445429589e+01
6.243999494019035978e+00
2.440220964573277342e+02
3.061114011501401055e+00
2.784753361611334022e+00
1.018149312377600779e+01
-9.328528943431575016e+00
4.195294158952756369e+00
1.188570402320585728e+01
-3.812094098765117955e+00
5.296619948500167929e+00
9.272899639406511074e-01
-2.191355086749876335e+00
-9.396777201428157866e+00
3.852272846488738622e+01
6.442395966952210173e+00
4.590639943392099021e+00
3.053879576790505812e+00
1.781572847122725456e-01
1.966009310739396110e+00
-2.970224544981697079e+00
-1.550630189255888780e+01
4.370524293726434806e+00
2.016247520249681457e+00
1.162507524751271859e+01
-1.494739442122473339e+00
2.396497035105018547e+00
3.762660711607137110e+00
1.098031677828573471e+00
1.475972503617640541e+00
3.537029277779055860e+02
-1.776506307143505214e+00
-5.762616282753718622e-02
3.447508582980409741e+00
4.729451503777221788e+00
3.612654587819082774e+00
1.989042872586374466e+00
-3.291691381749169310e+00
-1.018950114618937448e+02
-1.222931351519808985e+01
2.120481545613776930e+01
-1.650244639517574896e+01
-8.689213210844322077e-01
1.056875310691729020e+00
3.461943547734227522e-01
-9.882706216152588041e+00
9.099860809340363232e+00
2.128548971080400420e+00
1.484949121275842288e+01
1.912436131861265931e+00
1.987971820451406746e+00
5.179533631378756553e+00
-5.223215711085290813e+00
3.974673714950831993e+00
1.674367472772290366e+00
-8.676681817105302841e-01
3.191734186164113751e+00
2.066078552388999068e+00
9.400126447777710226e-01
9.959910127315522388e+00
3.507263815264853868e+00
2.308989846024279924e+00
1.916194378906486051e+01
3.655660925602426392e+00
-5.447858858489494338e+01
5.740083168161614680e+00
4.599880055943780910e+00
3.356585264118236545e+00
2.594420168516180958e+00
2.070135721428198572e+00
2.298971532376838489e+00
1.331743154944859242e+01
4.876545883894138900e-01
2.841865953787404919e+00
-1.716155676294617294e+01
2.676868823265217134e+00
-3.112620756842739311e+00
-4.394300708306928982e+00
-1.096988970375892603e+00
1.850015465225741229e+00
6.511732332265260048e+00
-7.708888048358931933e+00
-1.635294397051952586e+01
-1.173006695451862811e+02
-2.776080761112851292e+00
2.052060043032269299e+00
5.680282878540564795e+00
1.038905218571972568e+02
2.783179053117173396e+00
3.913116865138548839e+00
-4.558606316535485092e-02
1.403839075939542713e+00
-1.659037925747997022e-01
2.618055614948286092e+00
4.663142393588534773e+00
-4.429900839126049483e+00
2.506886751880379904e+00
-1.533170930522952613e+00
4.189472981878013869e+00
1.313066447885647303e+00
1.051188458056127928e+00
1.826289072315050221e+00
1.554769882985037599e+00
1.404221223894939641e+00
6.301523432191879159e+00
1.638611970025621201e+00
3.833150203140795576e+00
-1.836681273637472245e+00
7.540783706018543420e+00
6.042321706506237788e+00
-6.618185488701970876e+00
1.153649871073453070e+01
1.266653677241778020e-01
-2.598591154073790932e+00
-3.415155152404647509e-01
6.553678826987544781e+00
4.282954012132146993e+00
5.744992947499936164e+00
3.593012843469694406e+00
3.420407113396941590e+00
3.941261040732070953e+00
4.754374819731197910e+00
-1.511669137173419983e+02
1.594895221638901717e+01
-1.598125114965021965e+00
8.855363276391567950e+00
2.359727197964860412e-01
2.232969169816746202e+00
2.157847156376391240e-01
-4.954069576806447550e+00
9.263006939244218074e+01
-1.265837368550166264e+00
-1.841760815676006580e+00
2.941510170663580226e+00
-2.439900521015703205e-01
-6.983027366983440842e-02
-5.380834849664029029e-01
1.683694065753891467e+00
-3.178576230279089643e+00
1.124089252325875865e+00
1.003139940180684775e+01
2.796458210962110336e+00
2.018875536665085235e+00
1.409102556964657582e+00
1.995735929431059219e+01
4.131883316406576689e+00
2.895391805165662635e+00
3.802731965508775680e+00
6.554083824427205940e+00
5.232930883662328725e+00
2.574037537924673558e+01
3.334971882349469396e+00
6.169406947953136822e+00
-3.692206535692772462e-01
1.327015339545374317e+00
6.838402489760890823e+00
-5.226339001821149743e-01
1.220761464760178550e+00
-2.576406289947348327e+00
-1.242399768580351171e+00
-6.078618415159813715e+00
1.786406374242533843e+02
3.649700401470193256e+00
4.211630032850107597e+01
3.600594095705300646e-01
2.462206387098624827e+00
5.987072921569563277e+00
-6.573216722921633171e-01
5.495101135278137150e+00
3.304503764913523156e+00
2.102870842744095192e+00
-1.251389429250580054e+00
1.498865468206119100e+00
5.201059304921592741e+00
1.174185464480310515e+01
-2.360606544924607419e+00
-2.844562792613056779e-01
9.871547675314143788e+00
6.034061633996166307e+01
1.004228668952028158e+01
1.722846937166599091e+01
-3.879678043822849531e-01
-1.299077055216290688e+00
3.188063859156205382e+00
-7.091088165966289658e+00
-4.633111902625135770e+01
7.022756240168564368e+00
-1.154927924555416929e+00
9.877445859944000706e-01
1.019636873835223412e+01
7.392018953727210295e+00
5.533684842572625939e+00
1.326997020064593080e-01
2.306137817914730270e+00
-2.739454085027355212e+00
3.887063954758796847e+00
3.269469659739379974e+00
1.445743115057416039e+00
7.493688821862888538e+00
4.181976724126952760e+00
9.862466186658828349e+00
3.474584390370089260e+00
3.201476994221259531e+00
-7.713164904233642538e-01
3.425072251889514696e+00
1.506389493130340762e+00
-1.057963364467042666e+01
-3.929276695002949182e+00
3.443213699098044867e+00
8.362877640707733207e-02
6.134368012697833272e+00
-1.177963223822775518e-01
2.132408164425252384e-01
1.752807179044983954e+00
1.965275788176694682e+00
4.094737442686034790e+00
7.820488853445835886e+00
5.731000717388074150e+00
-3.602796488947928921e+00
3.946799775222973317e+00
3.851224920476660873e+00
8.551796380401702535e+00
1.479745476299308304e+00
-2.632259625454684482e+01
1.089670910117368274e+00
-1.706215600916362973e+01
8.707735149426500953e+00
5.837188088111878059e+00
1.821717550296345411e+00
4.561419437368162022e+00
1.501443273312748659e+02
-6.387913896143992964e-01
7.998754595320337835e+00
6.194926800669173783e-01
1.885719778074488095e+00
8.933046103082791234e+00
1.148604037641121955e+00
2.924407058301427753e+01
3.233404608278038772e+00
-2.700182143829754722e+01
1.553686568410324931e+00
4.765547747677553403e+00
8.843126684925308734e-01
1.520178654599664059e+00
1.367941617072828020e+00
2.857906167267499686e+00
5.203245684322311604e+00
3.373301841711914939e+00
6.204071298069044893e+00
1.236924232433222137e+00
-3.055763304609717679e-01
4.742850499987158486e+01
2.572717933743893681e+00
1.801946884997835596e+01
4.226823661346303496e+00
1.068916498722693564e+00
1.194748690910866218e+00
-4.491894408366644775e+00
-1.010162364851607464e+01
5.097792105959206843e+00
1.187924348615639758e+01
-2.223207929126670201e+00
-6.115520440680715097e-01
-1.575285062039885275e+00
-4.700565652028476649e-02
1.137756232828519387e+01
2.840094034014310154e+00
9.761129538155484120e-01
4.069146484305314893e+00
-8.306223767642917366e-02
3.541028441204923105e+00
5.080287424421818798e+00
5.009342808026874927e+00
2.521410587234847789e+00
3.197468964538265013e+00
-3.951094340883622991e+00
1.156241006053301135e+01
9.440518098799675073e+00
6.514058023628987115e+00
4.169875836551427462e+00
4.715423500036965976e+01
4.755896639478386589e+00
2.758529941111261152e+00
2.862275549990014323e+00
1.896244044040819254e+00
4.749848928280908211e+00
1.011687544092841051e+02
1.078001874528675330e+01
-5.962827921623690131e-01
-1.574938794701682632e+00
7.056153446592963618e+00
1.227751701817906138e+01
5.451078366854286372e+00
8.247943715095164663e+00
1.039882233667859479e+00
4.650365835317746388e+00
1.816004918571811899e-01
-2.029805167420290601e+00
5.097038726076092985e+00
8.291406075897873507e+01
2.918440222275166640e+00
5.737994116122234090e+00
2.002744746636200723e+00
1.711672341075229475e+00
-9.001410565574134992e-01
2.830172663563989222e+00
5.813939588986615448e+00
-3.533076133164904320e+00
6.383152129898330696e-01
2.238224208519501435e+00
-2.948970827781003834e+00
2.816042930000896671e+00
2.234206122636463565e+00
-1.065070968473033375e+01
2.352566657675128070e+00
-1.880730539664947401e+02
2.059400017839600583e+00
3.505119694122668772e+00
2.508576519837103280e+00
-3.086219344727457070e+00
1.240544820826247729e+00
1.110773187916293869e+00
-4.477294949060330431e+00
-1.783803642551568203e+00
7.970101890488889396e+00
3.810122383656037215e+01
2.358392225149683608e+00
-1.129246230288656989e+03
-1.422081615994399861e+00
1.570730621877279631e+00
-1.103737514562436317e+01
1.697269903810740832e+00
-8.628002357358347751e+01
1.075693283787014565e+01
3.159948101660224662e+00
2.857221580138099348e+00
-1.047813811618177215e+00
2.930304407698429703e+00
-1.936851370916782500e+00
6.900686012618502119e+00
3.364583043875924773e+01
1.060277647127590317e+00
1.038391479399137651e+01
9.049472823063243965e+00
2.929410648573383735e+00
4.000619690625626390e+00
4.298576068800290528e-01
3.386810928324731851e+00
9.971507979483533735e-01
4.162928273162707526e+00
6.860583432956312677e+00
1.985109176180573698e+00
1.001018758413287912e-01
5.421962757489830587e+00
-3.257762471842148067e+00
4.406720119738025687e-01
2.878832494426185828e+00
2.590479596703890053e+00
1.218643631658980819e+00
-8.607740262303394729e+00
7.147580063090467206e+01
4.235931552500848962e-01
1.466408727341402152e+00
-7.409820707131584250e+00
4.804963968296022792e+00
3.396559872785552869e+01
-4.942865885415459459e-01
4.335564936328866192e-01
-5.235501173445500456e+01
4.177808572293952860e-01
-8.543124702846519369e+00
2.796701237612854740e+01
9.087753032571310285e+00
-4.748092879147289125e+01
2.331631729703041334e+00
-1.090541552428145877e+01
-3.991539789627536194e-01
3.563671816638919410e+00
-7.365065320313717301e+00
-1.656419090347836409e+00
-1.129201761896972300e+00
4.211647767528853947e+00
2.343567744386767959e+00
-8.190452773708550183e+00
-6.005942258645889353e+01
3.932995955926759102e+00
1.757825306488827621e+00
-4.354334981587397735e-01
6.989700911287783924e-01
8.929542611730749702e-01
5.053240564266057611e+00
-9.351455950115616922e-01
1.147908649313343465e+00
9.924374469694887679e-01
-9.058368519204677227e+00
1.916323013475905057e+00
2.376026694171178733e+00
-7.736878519723220826e+00
-1.565678863563926715e+00
5.099599007229864256e+00
4.851500746215558380e+00
4.564363162235668625e+00
2.822970485909008342e+00
2.406502739553913806e+00
3.791337405358438328e+00
2.206046823836014248e+00
-4.826344050819973752e+00
5.396987469258839099e+00
1.319030843503220183e+02
1.180017403119317621e+01
2.037860252388361104e+00
2.569265009745735018e+00
4.005336217171883817e+00
-6.258045430100036555e-01
1.049370314854356501e-01
-6.199383990107212306e-01
-1.716880084643145565e+00
2.673735725369901228e+00
1.711967544837185162e+00
1.364433570624747016e+00
3.663947535383944576e-01
-2.570457190841178985e+01
-4.244485987361270674e+01
3.397348459589282221e+00
3.697488728916901835e+00
3.296735888178606189e+00
-1.023153994993407068e+01
6.674190892144304943e-01
2.420212098937156497e+00
1.404912349082167111e+00
8.152359637489530186e-01
2.952965724515670587e+01
1.283701024341794561e+00
5.963918498072054319e+00
2.040873725567237784e+00
6.552298180537176719e+00
-7.485522559183075408e-01
-1.260167890557357495e+01
1.336029249886062864e+00
5.860941638772344753e+00
2.659585018127050837e+00
2.036834913714610451e+00
1.222660324241342167e+01
1.957575437412218733e+00
6.359688269411249095e+00
-5.792422301517858862e+00
4.879438953245744059e+00
-1.956178038095822913e+00
1.152440009928215270e+00
6.343521946838210468e+00
1.084295736087300677e+00
-1.477098863596389577e+01
-1.610612821029837605e-01
4.294897847600169349e+00
2.219266646173288393e+00
1.378841590819450680e+00
1.827364779775948733e+01
3.596456986107478215e+00
5.491644536465740689e-01
5.544548424774046858e+00
5.520932819203945741e+00
3.695378346299531547e-01
3.224483319515526247e+00
6.482335828019342827e+00
2.598560817032272485e+00
2.424975503291462609e+00
7.185719819469593261e+00
2.985864588841853795e+00
7.788635268012398249e+00
5.779856484754207990e+00
4.277272826613794265e+00
4.214503213703171269e+00
7.069390448008938677e-01
4.663401446687817753e+00
1.392998319743284696e+00
2.690556898402767683e+00
-7.629059896847665279e-01
9.627737295092761993e-01
4.576906125618765309e+00
5.512165607951169832e+00
3.520308052586150538e+00
1.062720976554844299e+01
2.645484498725159561e+00
-4.959934781159164530e+00
1.777497097435118434e+01
1.372340022534436432e+00
4.194866508965334972e+00
-4.190675551339317906e+00
3.390180112367617848e+00
1.904735197101007138e+00
-8.365384021587438212e+00
3.100895826230936070e-01
2.172948656111046706e+00
2.868022934915718913e+00
9.541379020454989757e-01
-1.797744664520656599e+01
3.474227840127697142e+00
4.668513238382930197e+00
-5.976115479084390891e+00
-2.212944763948613947e+00
2.244763476602013252e+00
1.366304873516545060e+00
1.317878636334031484e+01
2.419422667261933668e+00
3.663216707006260897e+00
-6.366819728339070394e-01
-1.188961894064712510e+02
3.460276729370959536e+00
7.518919421581495843e-01
4.752964567349409197e-01
2.388837803430407192e+00
2.338519669590473526e+00
5.407130443551583454e+00
1.631105950018052031e+00
8.263496425414214031e-01
4.030490827012885191e+00
2.334298425925394493e+00
5.441816308001270475e-01
2.053399305842542599e+00
6.197029761427783612e+00
-3.984941019690349862e+00
-2.079143767624940509e+01
2.807415372345328120e+00
6.019070927380225200e+00
1.647038573608529344e+00
-1.220533586356476832e+02
2.707399559469456207e+00
-1.010705412690745320e+01
-5.474641949904766491e+00
-4.684136952071646931e+00
-1.383461981183804212e+01
-9.297810632220981120e+01
4.126730395262555362e+00
-1.833069546374155756e+00
4.541118026706886468e+00
-1.307389621249504419e+00
1.684301107563366484e+00
2.736781499726924416e+00
-3.376305158401049944e+00
2.585765839004575462e+00
9.200252988886706618e+00
2.666380590605787049e+01
1.237332110681404629e+01
-1.361685895440361005e+00
-7.283597486224366868e-01
7.031494325130338119e+00
-1.445361346972992678e+00
3.402825215176916274e+00
6.197414226350768551e+00
-6.455222663192521360e-01
-1.506042146091696843e+00
2.432597287273772224e+00
1.194077315962698904e+01
1.574664944688891310e+01
-2.656494826504849982e+01
-1.875212161938827116e+00
-5.257048627269407248e+00
1.210266428567304686e+01
3.549308602548995495e+00
-2.354935904344207742e+00
2.715205468722776416e+01
1.799706702782835066e+01
6.630873546190837686e+00
6.139743855104027759e+00
-4.576667020525862029e+01
7.442245248721199857e-01
4.368086506386104517e+00
3.229484662350746049e+01
3.344614317559514660e+00
3.679282326867108210e+00
3.086555400685679462e+00
2.181377964120074608e+01
7.478096863738943512e+01
1.929375574925615178e+00
1.370151675945192382e+00
2.868151263606656176e+00
8.277000944246470926e-01
1.757649722687426808e+00
-3.793175646317164862e+00
1.226023880773172792e+01
3.308375286103095902e+01
6.583389620158026645e+00
3.126145415125710159e+01
6.484249577607941184e+00
2.201682770736073103e+00
1.112170328249432849e+00
1.692183607305460136e+00
2.677281339116894809e-01
-1.537468547626520277e+01
1.067932071977430786e+00
3.153326223937898298e+00
3.722641707886080731e-01
-5.166206880517786715e+01
5.695340398818099281e+00
3.441732885116506768e+00
-1.651684998297530349e+00
9.740906520707742544e+00
5.868834257690668466e+00
-2.199093619853536019e+00
-4.874754556471795297e+01
-1.657065501189037615e+00
5.989108565497250680e+00
-4.128610317014075548e+01
1.812284080597687863e+00
-1.217525488589503269e+00
-6.779798932900917841e+00
-1.201802320654179468e-01
-3.716653711244820357e+00
2.340170144450682166e+00
1.355481796364909730e+00
-8.866283757564734636e-01
2.183689390506188932e+00
-2.617326331093585701e+00
2.022144301750067985e+00
3.009901390554016842e+00
7.214613181872040926e+00
-6.184525831936242390e+00
2.872446012651178382e+00
8.526962667281118513e+00
2.502158909081706906e+00
1.786413574749521560e+00
-1.383902013957497346e+00
4.895650001127147988e+00
4.588333567580798800e+00
-4.313675874882982875e+00
6.578630908576561076e+00
2.318174953140992756e+00
3.463002771050654616e+01
1.519447142342953327e+01
2.899033602104995833e+00
-3.977603037129543218e+00
1.667611796997336882e+01
4.972442349103095793e+00
8.773399908915990864e+00
-1.056315547088999551e+01
5.122997462658867462e+00
7.287722391848693526e+00
3.617651002322753939e+00
3.000183911283647920e+00
8.555025590710583216e+00
2.133558559830063928e+00
1.923510942814673497e+00
2.881262930428635016e+00
-4.612983935752554387e+00
-2.639785028813149026e+00
-3.079581022265731605e-02
1.241009052198639750e+01
-1.383028371488815633e+00
3.932877737965149390e+00
2.286833543995991747e+01
1.785992389004090519e+00
3.527536692755427694e+00
7.127330962785396462e-01
1.828377444977678623e+00
-3.170493203844432628e+02
2.403318946240839526e+00
-1.166507780647865644e+01
-1.125490305325079543e+00
-1.193908351043001748e+00
3.334264376260989149e+00
6.294588306685983348e+00
-9.684650896487241312e-01
-1.345497795435208310e+00
3.709196355637661924e+00
1.801493697042265918e+00
-1.979080032150561941e+00
3.608829212188089386e+00
-2.513512033855042738e+00
2.533559115964876263e-01
1.434931475771580978e+00
8.367032083542220278e+00
1.272635461146333524e+00
-1.463129826656367705e+00
1.888715184685356041e+00
2.042346621914651550e+00
2.344330379815795951e+00
3.394653686891765165e+00
-7.220788955440476720e+00
3.892482042510555296e+00
2.780760184437441218e+00
-6.832515164342081171e-01
1.037771666379605717e+00
5.422894825618439718e+00
4.250638032985214920e+00
-3.476021524063143175e+01
-4.423323596445909445e-01
-1.039331006842778127e+00
4.369137638855922212e-01
1.696034246084884103e+02
1.182380464216187033e+00
6.447846576287116882e+00
7.480346376860771862e+00
-2.150109367371269897e+00
2.745759113799201678e+00
-7.699082049830679786e+00
3.836588030510145408e+00
1.706018689800765875e+00
-4.572148439273336251e+00
-8.705704931196830643e+00
2.378593272496660749e+00
1.498750721315064638e+01
-2.476966419307649048e-01
7.954720408751803085e-01
1.199055453813607741e+01
2.234747307750016621e+00
3.446294212190739614e+01
5.542410488868274143e+00
-9.189622402405427692e+01
-3.840472185366423652e-01
1.624254614510675765e+00
4.363892084255629911e+00
1.057772724184263424e+01
8.689147645112601737e+00
7.353407231419433199e-01
-2.343871792410027410e+00
6.529126783027453307e+00
7.131189164751332576e+00
4.140536057711920570e+00
4.819215488782804258e+00
-3.940359206171843987e+00
1.563617446894818297e+00
3.864291441441756625e+00
1.488030159272490049e+00
5.323830247771744517e+00
3.911394198281052059e+00
8.068554918951871269e-01
-1.492612414192461490e+00
-7.683927495132092389e-01
-2.481783343275051124e+00
2.419404526934620936e+00
2.873839310345270626e+00
1.620964504256522609e+00
1.968315096151013632e+00
2.931261582818029510e+01
1.745376246257325015e+00
7.135225531354689732e-01
-3.466069117963193946e+00
3.836258498109803128e+00
4.544597483107576608e+00
5.871395361153924242e+00
-2.094815853965330987e+00
5.018183008842072468e+00
2.027496400649016817e+00
-1.153778119412829284e+01
5.605441432417243242e+00
3.383459738152292395e+00
-8.006296480983134956e-01
-6.043674969633947569e-01
1.995881098255513075e+00
2.007511009155825032e+00
1.028702318359978563e+01
3.465326364735846987e+00
5.605154320467757856e+00
1.679744141567262705e+00
4.714025748300791463e+00
3.793488869484254344e+00
3.213440646809679890e+00
-8.717179463343086354e+00
2.011763835091722541e+01
4.036529343270487402e+00
-4.151593476673610006e+00
3.036075582080904223e+00
1.164651280464606531e+00
3.531881645879910714e+00
5.477332044706741065e+00
-8.929073442603447930e-01
9.026494766256831781e-01
3.267310089032393172e+00
1.045091756598365285e+00
1.333716154471371595e+00
5.042526644000036384e+01
2.231712015015634520e+01
2.712574058937837762e+00
9.891140292155712643e+01
3.711904980213956762e+00
2.675769196769169689e+00
7.233686411336957001e-01
7.577849165025751788e-02
3.260878021101163426e+00
4.628911088544060970e-01
2.729753948342871439e+00
6.055451783168795288e+00
9.120899627934615239e+01
2.325127869357925370e+00
-2.313239451057762608e+01
4.144098203716608531e-01
-9.625116140800326292e+00
4.459305126041329004e+00
-4.913270870130763690e+00
-1.343443677714456896e+01
-1.397320277037665548e+01
8.957201093620611232e+00
2.678708769499427156e-01
1.723281814149996372e+00
1.523695054000756333e+00
-3.602945796271071544e+01
-2.102093541466945936e+00
1.021176331106185842e+01
2.045212770329555063e+00
2.516093874650985640e+01
1.004821231769610357e+00
-1.584603320562055107e+00
-3.055784515890508146e+00
-8.565207784818841930e+00
1.782206739685474872e+01
2.900705404501127127e-01
4.540945803885334158e+02
1.656575714118321274e+00
-1.537375840983460584e+00
6.781634666881022344e-01
-2.643392173788662980e+00
3.462846529498386783e+00
1.599775560654635242e+01
4.204513842825448044e+00
6.568843401323024800e+00
1.777216376062136227e+00
5.088012134843330259e+00
-1.099665848871302920e+00
2.041685222044968828e+00
-1.921007208912890007e+02
-1.332553191135945614e+00
