-2.228846049542562435e-01 3.923128961637580708e-02 -3.173023824062807807e-01 2.899475567844614354e-01 -3.065024207509914334e-01 1.812098607533922934e-01 -1.454928162211448495e-01 -1.348278574314397960e-01 2.916282440162082379e-01 1.159257805320848406e-01
3.923128961637879081e-02 1.701301038860123738e+00 5.902117322293623403e+00 -5.959028114053835701e+00 5.933274296508757040e+00 3.297500571001218406e-01 -2.800998093830080471e-01 -7.359603023264934540e-01 -5.510323977235839443e+00 5.046036223869059256e-01
-3.173023824062828346e-01 5.902117322293634061e+00 2.608381862936128925e+01 -2.832414827442806171e+01 2.676514403603415815e+01 1.259047663407014683e+00 -9.632231013657751584e-01 -2.480880016794697607e+00 -2.334259715191702611e+01 1.580642103701237255e+00
2.899475567844548851e-01 -5.959028114053822378e+00 -2.832414827442807947e+01 3.128025847162824036e+01 -2.919656875312240629e+01 -1.187758372026238574e+00 8.856015955994918087e-01 2.409053285099562292e+00 2.508544857494412028e+01 -1.491840266353599453e+00
-3.065024207509887688e-01 5.933274296508762369e+00 2.676514403603411552e+01 -2.919656875312237077e+01 2.749756962999224541e+01 1.239302371258695690e+00 -9.430657140146725403e-01 -2.465324621101699254e+00 -2.388406627633234436e+01 1.559746324310090859e+00
1.812098607533915162e-01 3.297500571001257819e-01 1.259047663407011575e+00 -1.187758372026245679e+00 1.239302371258695024e+00 -6.104992538398079649e-02 4.100329037559671125e-02 -6.385619218300452038e-02 -1.205095928788482151e+00 3.335463961988695963e-02
-1.454928162211451548e-01 -2.800998093830103230e-01 -9.632231013657744922e-01 8.856015955995001354e-01 -9.430657140146743167e-01 4.100329037559777290e-02 -2.780154469226253297e-02 6.396547515168325704e-02 9.361293486684179044e-01 -3.515810941167585996e-02
-1.348278574314410727e-01 -7.359603023264961186e-01 -2.480880016794691389e+00 2.409053285099564956e+00 -2.465324621101700142e+00 -6.385619218300229993e-02 6.396547515168241049e-02 2.727415679383110581e-01 2.357886546856172494e+00 -1.843839172391213976e-01
2.916282440161981349e-01 -5.510323977235828785e+00 -2.334259715191689821e+01 2.508544857494413094e+01 -2.388406627633251844e+01 -1.205095928788472159e+00 9.361293486684066911e-01 2.357886546856166721e+00 2.102248049523236162e+01 -1.525739039814651754e+00
1.159257805320851598e-01 5.046036223869099224e-01 1.580642103701227486e+00 -1.491840266353612998e+00 1.559746324310099963e+00 3.335463961988577308e-02 -3.515810941167561710e-02 -1.843839172391228132e-01 -1.525739039814660636e+00 1.238232234970640250e-01
