-7.263452846373202876e-01 2.391084632882920502e+00 3.357133991710404164e+00 -2.713637031112215769e+00 3.205510542720074074e+00 1.213134507835512022e+00 -1.033957290844088384e+00 -1.630040484795322708e+00 -3.607136595420567637e+00 1.278787860259005926e+00
2.391084632882917393e+00 -1.075260832112333631e+01 -2.615249419804476361e+01 2.531940111684072292e+01 -2.610697006045306168e+01 -4.364978285297987703e+00 3.557732927804024392e+00 6.336598773427986941e+00 2.533153704544594120e+01 -4.625314577744029876e+00
3.357133991710360199e+00 -2.615249419804471032e+01 -1.007730624694141994e+02 1.075503103812893642e+02 -1.032119269293270918e+02 -7.473946134197682056e+00 5.644643713022777121e+00 1.250396202406967383e+01 9.149635785334449167e+01 -8.146990074533679405e+00
-2.713637031112267284e+00 2.531940111684079042e+01 1.075503103812896057e+02 -1.170655775807987595e+02 1.107206542246996719e+02 6.526505624881761669e+00 -4.820886325724976551e+00 -1.143634734899037930e+01 -9.639794796655291975e+01 7.222037626468430283e+00
3.205510542720120259e+00 -2.610697006045309365e+01 -1.032119269293271628e+02 1.107206542246997287e+02 -1.058522711126411195e+02 -7.269445021278475139e+00 5.459475500751439725e+00 1.230218066784664011e+01 9.339317451475479004e+01 -7.951737930587515102e+00
1.213134507835517351e+00 -4.364978285297992144e+00 -7.473946134197716695e+00 6.526505624881695944e+00 -7.269445021278431618e+00 -2.075123825235092756e+00 1.745993027589082258e+00 2.849173901444939094e+00 7.702929771107740464e+00 -2.188649725815258851e+00
-1.033957290844085719e+00 3.557732927804025724e+00 5.644643713022817089e+00 -4.820886325724917931e+00 5.459475500751385546e+00 1.745993027589077373e+00 -1.480975242350072385e+00 -2.371131255691605766e+00 -5.896324736158560675e+00 1.843544378155558050e+00
-1.630040484795325373e+00 6.336598773427998488e+00 1.250396202406971291e+01 -1.143634734899031535e+01 1.230218066784658149e+01 2.849173901444939982e+00 -2.371131255691612871e+00 -3.987357833166289112e+00 -1.254553540000375733e+01 3.008727357728433027e+00
-3.607136595420574743e+00 2.533153704544578133e+01 9.149635785334405114e+01 -9.639794796655264975e+01 9.339317451475450582e+01 7.702929771107734247e+00 -5.896324736158557123e+00 -1.254553540000370404e+01 -8.378968389819176821e+01 8.333894702036646507e+00
1.278787860259005260e+00 -4.625314577744034317e+00 -8.146990074533752235e+00 7.222037626468382321e+00 -7.951737930587489345e+00 -2.188649725815255742e+00 1.843544378155563823e+00 3.008727357728457896e+00 8.333894702036603874e+00 -2.312413482358339323e+00
