-1.787339848350301708e+01 2.512176091021443725e+01 2.062810842039107229e+01 -1.568801072997010237e+01 1.930781098867331735e+01 2.031142049233565317e+01 -1.969554610202425593e+01 -2.221017407390869280e+01 -2.350127328485081435e+01 2.095377478161529439e+01
2.512176091021445501e+01 -3.021429862302846914e+01 -1.912660311132861324e+01 1.436632003583298811e+01 -1.776002351313986694e+01 -2.715044151057836430e+01 2.606277288157731675e+01 2.851673991519547968e+01 2.269519490771882531e+01 -2.704198444595015260e+01
2.062810842039103676e+01 -1.912660311132853153e+01 6.445871969738345797e+01 -8.744928963351581785e+01 7.069407344778149138e+01 -2.312817464494757047e+01 2.060602299649879399e+01 2.344958391189739544e+01 -4.595693067934652731e+01 -2.112746872315675262e+01
-1.568801072997005264e+01 1.436632003583294548e+01 -8.744928963351576101e+01 1.198590757210388915e+02 -9.585212723318909411e+01 1.862382776942481399e+01 -1.605833016236309163e+01 -1.914850987183347542e+01 6.356552736199372333e+01 1.667707280504458467e+01
1.930781098867331380e+01 -1.776002351313985272e+01 7.069407344778164770e+01 -9.585212723318922201e+01 7.752023262084045996e+01 -2.190983873961108941e+01 1.942752233629783021e+01 2.226644972925071997e+01 -5.088510676428454360e+01 -1.998126444463020590e+01
2.031142049233565317e+01 -2.715044151057830746e+01 -2.312817464494761310e+01 1.862382776942485307e+01 -2.190983873961110007e+01 -2.259126962185185761e+01 2.190783654046438045e+01 2.436678496442514685e+01 2.578861717943347998e+01 -2.309407258275113506e+01
-1.969554610202427014e+01 2.606277288157733807e+01 2.060602299649880820e+01 -1.605833016236312361e+01 1.942752233629780534e+01 2.190783654046441242e+01 -2.099372360676902005e+01 -2.356741834571509742e+01 -2.344743906728175276e+01 2.208477708583801302e+01
-2.221017407390873899e+01 2.851673991519548323e+01 2.344958391189743097e+01 -1.914850987183353226e+01 2.226644972925075194e+01 2.436678496442522146e+01 -2.356741834571512939e+01 -2.600415301298017567e+01 -2.615604001404463475e+01 2.467732460039470865e+01
-2.350127328485066869e+01 2.269519490771875780e+01 -4.595693067934671205e+01 6.356552736199403597e+01 -5.088510676428466439e+01 2.578861717943342668e+01 -2.344743906728182381e+01 -2.615604001404463830e+01 3.111078885932142413e+01 2.399445871222214421e+01
2.095377478161523044e+01 -2.704198444595009221e+01 -2.112746872315675262e+01 1.667707280504465572e+01 -1.998126444463017748e+01 -2.309407258275114572e+01 2.208477708583806987e+01 2.467732460039466247e+01 2.399445871222214066e+01 -2.312656913778033640e+01
