3.481070840301565106e+00 -2.448601445828761936e+00 -1.951355777247053558e-01 2.485746439602996155e-02 -1.325009870452930061e-01 -3.222513961195454524e+00 3.437764203089117565e+00 2.980187459312226839e+00 4.347921818517665460e-01 -3.323595895639717135e+00
-2.448601445828762824e+00 2.163621688873850424e+00 4.429497355199300546e-01 -1.769929755036558916e-01 3.579746737531239176e-01 2.424917716756857633e+00 -2.454198490805049371e+00 -2.367216618987132204e+00 -7.204768768395469758e-01 2.442575101431025519e+00
-1.951355777247052725e-01 4.429497355199297770e-01 7.065946063211375749e-01 -6.110585005729156638e-01 6.878654311978389391e-01 2.586129598139338404e-01 -2.212973915553447524e-01 -3.177783110799467514e-01 -7.330744931180492863e-01 2.533140678327807094e-01
2.485746439602959379e-02 -1.769929755036563357e-01 -6.110585005729165520e-01 6.100652359344935771e-01 -6.176110445852484032e-01 -5.301448593030630430e-02 3.951325278871856833e-02 8.690973988569927755e-02 5.714695409098738965e-01 -5.613861717526390932e-02
-1.325009870452928396e-01 3.579746737531237510e-01 6.878654311978392721e-01 -6.176110445852468489e-01 6.767343104461827075e-01 1.864757358011072119e-01 -1.551425926401783784e-01 -2.394632748494777696e-01 -6.945883257270055733e-01 1.829727733699637315e-01
-3.222513961195458077e+00 2.424917716756862074e+00 2.586129598139332852e-01 -5.301448593030569367e-02 1.864757358011070454e-01 3.043283950929663639e+00 -3.195100670191138192e+00 -2.859823807849418031e+00 -5.206443119783492612e-01 3.115186237297535410e+00
3.437764203089119341e+00 -2.454198490805048483e+00 -2.212973915553447246e-01 3.951325278871847119e-02 -1.551425926401784894e-01 -3.195100670191140857e+00 3.408968944225042819e+00 2.965530086965105561e+00 4.660467442559297346e-01 -3.302951330098125915e+00
2.980187459312227283e+00 -2.367216618987133980e+00 -3.177783110799467514e-01 8.690973988569936082e-02 -2.394632748494777974e-01 -2.859823807849415811e+00 2.965530086965101564e+00 2.722141812057103483e+00 5.913815215616736731e-01 -2.911316649433217663e+00
4.347921818517668791e-01 -7.204768768395467538e-01 -7.330744931180500634e-01 5.714695409098764500e-01 -6.945883257269983568e-01 -5.206443119783499274e-01 4.660467442559300677e-01 5.913815215616791132e-01 8.190746432426505574e-01 -5.070175401149377148e-01
-3.323595895639722908e+00 2.442575101431025519e+00 2.533140678327803208e-01 -5.613861717526372891e-02 1.829727733699645920e-01 3.115186237297530081e+00 -3.302951330098105931e+00 -2.911316649433229653e+00 -5.070175401149404903e-01 3.211948833621299570e+00
