-9.312225246608527365e-03 -1.205776283057144287e-02 -4.151875557143001189e-02 2.719814137955435529e-02 4.065438734350083211e-02 9.959356096825539711e-03 3.082245184290619347e-02 1.240083121152416729e-02 -4.049409393376025845e-02 -1.541973390314614785e-02
-9.321826948144523034e-03 -1.139745999489882519e-02 -3.036869817399434970e-02 2.187232316492305692e-02 2.995892645417998212e-02 9.835816399458744558e-03 2.421209228672576916e-02 1.160204423701662567e-02 -2.989835205094769355e-02 -1.381916472683951402e-02
9.475978733148905653e-03 1.179672659258935823e-02 3.417025640436818779e-02 -2.385071560469605861e-02 -3.362742257680735591e-02 -1.004228432072693661e-02 -2.660975952378503637e-02 -1.204305773823347546e-02 3.353770910087106732e-02 1.454602944907293881e-02
-7.967075512397014253e-03 -9.254962556695951748e-03 -1.850629408313797519e-02 1.502042974371447029e-02 1.843797036791617466e-02 8.303419786812499953e-03 1.616172639782898629e-02 9.346235615921931125e-03 -1.844943394260412789e-02 -1.066955735087588009e-02
-7.379359022237692856e-03 -8.425372886835822209e-03 -1.508709681467461546e-02 1.286190800263426783e-02 1.509433563093745198e-02 7.657975101661668692e-03 1.368223465727409945e-02 8.489410082288708151e-03 -1.512104862052824315e-02 -9.545582513638095970e-03
6.262291454223429393e-03 6.915994647730388384e-03 9.594279354780554589e-03 -9.262204194073303878e-03 -9.708775798469541571e-03 -6.445635529385514498e-03 -9.588813557133670645e-03 -6.939319539436887736e-03 9.756243263652524672e-03 7.566754169255484816e-03
6.918698565100859371e-03 7.798809103339390293e-03 1.279173751205366603e-02 -1.135582859965105287e-02 -1.284298815584924633e-02 -7.156874906900979362e-03 -1.196900381129309236e-02 -7.846086878946459398e-03 1.287824517972144776e-02 8.721107114434049554e-03
-6.097112550692018046e-03 -6.712717366141149507e-03 -9.156379178009810965e-03 8.900876321606999986e-03 9.269940337522587087e-03 6.269988605593900324e-03 9.197642303905127423e-03 6.734991172971657031e-03 -9.316745419447004448e-03 -7.323564319156535690e-03
6.745072254645916726e-03 7.569863659830927335e-03 1.205687457680882334e-02 -1.084858151850416272e-02 -1.211905271663254145e-02 -6.969359198076166204e-03 -1.139870647185570358e-02 -7.612515526225950221e-03 1.215627313254714556e-02 8.428061928895273780e-03
9.162174282537889278e-03 1.194841632944407088e-02 4.234913443656765364e-02 -2.746185433964722783e-02 -4.143457724359252831e-02 -9.814922764925704604e-03 -3.119994770529749620e-02 -1.230582420366004189e-02 4.126309718975362806e-02 1.537896293144312872e-02
