-2.892411794367903966e-01 -3.344490759000739999e-01 -5.729623288211191934e-01 5.072950441451865577e-01 5.751293876707597175e-01 3.019903081548074297e-01 5.376816209422115023e-01 3.348316502097781200e-01 -5.746514443895560653e-01 -3.800682705704470643e-01
-5.172015450918105994e-01 -5.555564532231406227e-01 -5.352844684524011853e-01 6.384976643806438146e-01 5.529803654626153087e-01 5.291715317828742382e-01 6.354381714885903865e-01 5.541918060312932548e-01 -5.572639010936617510e-01 -5.873658791249521949e-01
4.448398871470680138e-01 4.887697814248047612e-01 5.641348252692797161e-01 -6.108997067499983835e-01 -5.771238856878151413e-01 -4.581668963990992993e-01 -6.204206347799975374e-01 -4.874739116571195074e-01 5.796286611135489375e-01 5.279115720032828696e-01
-6.366172184827039171e-01 -6.568979528965585013e-01 -4.221542463624666230e-01 6.384022500589520144e-01 4.476051801470039004e-01 6.438402778590314179e-01 6.073462191475412775e-01 6.554111038925135579e-01 -4.546035862922342963e-01 -6.674626105674282828e-01
-6.584921425959622265e-01 -6.704584741514528767e-01 -3.755411618029676490e-01 6.171695627664756101e-01 4.020862611396751052e-01 6.632603201482458743e-01 5.781808056290681508e-01 6.694494627698224232e-01 -4.097204146304207484e-01 -6.726587692322087975e-01
6.712597294317771413e-01 6.694442114600321903e-01 2.942914094355876253e-01 -5.641145051484517392e-01 -3.212878116083549007e-01 -6.718677387013386459e-01 -5.146066148659852457e-01 -6.693107290063730064e-01 3.294867916969628774e-01 6.583708003286992128e-01
6.675234544665578085e-01 6.731821480360435928e-01 3.406582894666688177e-01 -5.959362687373209733e-01 -3.675044508373237484e-01 -6.703791202920758030e-01 -5.519891996498980102e-01 -6.726178418271687720e-01 3.754600329658101532e-01 6.693152575942704630e-01
-6.699424047825165429e-01 -6.654087538335220486e-01 -2.821388711259244508e-01 5.523571518200830477e-01 3.087770793027353466e-01 6.696609244151656704e-01 5.017535488893914986e-01 6.656046452397924584e-01 -3.170020368880542283e-01 -6.520428949906983407e-01
6.693051768609892260e-01 6.724288193713403583e-01 3.275736160070487069e-01 -5.864490598572583702e-01 -3.543730784228752984e-01 -6.713697912824491132e-01 -5.408669950024512785e-01 -6.720906040173048046e-01 3.624199904132398009e-01 6.662341098736951350e-01
2.607545613842459087e-01 3.054750697562845230e-01 5.688121645570635154e-01 -4.841832688777252258e-01 -5.688943675611519701e-01 -2.732122176354256915e-01 -5.177262186487544549e-01 -3.061104125728416059e-01 5.677629191468531733e-01 3.514651936785694875e-01
