# X y (dataset 1)
-4.978679717845562180e-01 1.927929502295998354e+00
1.321946960652948810e+00 4.766577902020239677e+00
-2.999313751095930680e+00 3.452856740205257324e+01
-1.186004564208961387e+00 2.837277872434178505e+00
-2.119464655097321959e+00 1.085456629542818519e+01
-2.445968431387213204e+00 1.725877644357942131e+01
-1.882438731733974580e+00 7.571282942512731040e+00
-9.266356377417137580e-01 2.118565894162266705e+00
-6.193951546159803812e-01 1.910887907626069193e+00
2.329004040201416714e-01 2.601122416231300694e+00
-4.848329135802309509e-01 1.919284253756518455e+00
1.111317002380556751e+00 4.283707807304311999e+00
-1.773286501610895405e+00 6.357125028648893839e+00
2.268704618345672941e+00 1.199681031782108320e+01
-2.835674440812443020e+00 2.841879071526157929e+01
1.022805061070413579e+00 4.140882868305135744e+00
-4.961711857972384010e-01 2.016632872224910500e+00
3.521389706745097214e-01 2.748130233959666047e+00
-2.157678368428597615e+00 1.141588887193197976e+01
-1.811391065490727259e+00 6.747497431920679745e+00
1.804467412053219810e+00 7.542837559757339605e+00
2.809569454316385162e+00 2.131502341132179978e+01
-1.119454931044542967e+00 2.517646257461058745e+00
1.153935694015884472e+00 4.402977518417022118e+00
2.258334913776229413e+00 1.176748902006798048e+01
2.367639981023083706e+00 1.334717412625343691e+01
-2.489734731781332755e+00 1.818342884342770205e+01
-2.765671300602705607e+00 2.617493458623910740e+01
-1.981017482612586589e+00 8.857286619794535909e+00
2.268855020576478587e+00 1.202030266019637672e+01
-2.409918997001699204e+00 1.624883962880882038e+01
-4.733542499696872241e-01 1.919500518060640148e+00
2.747337180903011600e+00 2.000942570386805386e+01
1.989917098381024374e-01 2.418949086129079884e+00
1.151262683702840128e+00 4.363849807487176768e+00
-1.106906213963622321e+00 2.520826948509881760e+00
1.119005566089501968e+00 4.156896356056063446e+00
2.007754031384237692e+00 9.174202346908288064e+00
-2.890270335934848944e+00 3.044017053796038397e+01
1.500865889669804609e+00 5.641318780312400527e+00
2.933166533438968493e+00 2.433775909492928236e+01
1.488993926279036373e+00 5.540040061708285002e+00
-1.317336047613568928e+00 3.256096732625009427e+00
1.735675970708930649e+00 6.873357127725551408e+00
-2.380643960534147840e+00 1.582505569901784170e+01
-3.126388429445690065e-01 2.021149658213345468e+00
2.451573018558573125e+00 1.451695415238729581e+01
-1.238315109757923027e+00 2.860632703426160717e+00
-1.273347968481907566e+00 3.201380421912166874e+00
-2.219828567290333954e+00 1.272630503833463678e+01
-2.883798252778217552e+00 2.993341751605710854e+01
1.073013197639346217e+00 4.286805261049901006e+00
-1.730231303999645753e+00 6.175378079619262550e+00
-1.406720043766642725e+00 3.727930395992164581e+00
-5.056104431797026066e-02 2.092224958805541934e+00
-2.679824729297517472e+00 2.346432682799361658e+01
4.447056329520782114e-01 2.852490794990695466e+00
-2.119628550565138880e+00 1.077376879331485604e+01
5.358332214197054633e-01 2.895179617105828385e+00
1.198550160125586572e+00 4.593633092389250550e+00
-2.385993427033044956e+00 1.590855367183303315e+01
-5.156640730825898800e-01 1.830573691676443238e+00
1.166400946366470848e+00 4.489015250989946360e+00
-5.149243828385841049e-01 1.778617385432111897e+00
-2.700279246323477267e+00 2.407480276596114166e+01
2.153784354930694533e-01 2.540975409873934776e+00
9.827678713187326665e-01 3.906791840776955294e+00
8.933467234985137395e-02 2.363471913502998234e+00
2.667568535944879748e+00 1.838858633669632781e+01
5.193302430119572932e-01 3.065797077905744406e+00
2.420411491727301190e+00 1.409738488613673013e+01
-2.175151775122574627e+00 1.176152447298815851e+01
-2.164341916495448714e+00 1.157269775797319511e+01
1.844347732257142880e+00 7.851813996026111298e+00
-6.139389780867983148e-01 1.914637354701386185e+00
-2.007874817298403336e+00 9.247979481215612196e+00
2.565051482376203396e+00 1.636439796251088197e+01
-9.134048415269608867e-01 1.875148378104460223e+00
1.504872618816933461e+00 5.850251154581153301e+00
1.355987912102708748e+00 5.318559129169377009e+00
2.299836547234859196e+00 1.240178300280614287e+01
7.420332423336533090e-01 3.381767499668624222e+00
1.505654604164023525e+00 5.736463339516186366e+00
-9.066099481329450427e-01 2.096827633260210266e+00
-1.380432649409843560e+00 3.560032286224632525e+00
2.375317309176400826e+00 1.327391300355723480e+01
-4.314528607722305509e-01 1.865164388891727310e+00
2.789040282890313804e+00 2.074528745777660532e+01
9.806489869106886914e-01 3.945030482560211826e+00
7.301743212547306960e-01 3.338872784456744292e+00
-2.311524162279749106e+00 1.432096355333576376e+01
2.696935552242427647e+00 1.886982380013828475e+01
-3.005271991203568582e-01 2.087052645508276960e+00
4.703376863227903826e-01 2.932523058170325658e+00
-5.511791834323132022e-01 2.107923077298728298e+00
-1.577838118541833756e+00 4.571437824911608772e+00
2.420277123373522521e+00 1.397773453933505294e+01
4.420769200337151261e-01 2.956608507377270989e+00
-2.982778037813046179e+00 3.414709233462586013e+01
7.028694817243432702e-01 3.291053077824693140e+00
