# X y (dataset 2)
-4.978679717845562180e-01 3.058951295067127707e-01
1.321946960652948810e+00 2.657156476435628356e+00
-2.999313751095930680e+00 5.660697741923391924e+00
-1.186004564208961387e+00 1.797056529154892890e-01
-2.119464655097321959e+00 1.406683081269325619e+00
-2.445968431387213204e+00 2.948568969842821907e+00
-1.882438731733974580e+00 5.168431940745399356e-01
-9.266356377417137580e-01 -3.098816992873592024e-01
-6.193951546159803812e-01 1.048648144529703008e-01
2.329004040201416714e-01 1.591995945962146886e+00
-4.848329135802309509e-01 2.633384264012173515e-01
1.111317002380556751e+00 3.315230446703168354e+00
-1.773286501610895405e+00 5.545081242018934375e-02
2.268704618345672941e+00 5.022210074754201337e+00
-2.835674440812443020e+00 4.762112018754304898e+00
1.022805061070413579e+00 3.638139048679687626e+00
-4.961711857972384010e-01 7.496181907958486823e-01
3.521389706745097214e-01 1.726820600643882431e+00
-2.157678368428597615e+00 1.230959566777134473e+00
-1.811391065490727259e+00 1.495259589784561083e-01
1.804467412053219810e+00 4.650851412750036218e+00
2.809569454316385162e+00 4.713703525975797781e+00
-1.119454931044542967e+00 -4.154771286980979972e-01
1.153935694015884472e+00 3.363640933394506760e+00
2.258334913776229413e+00 4.519364581724639507e+00
2.367639981023083706e+00 5.208890339044753404e+00
-2.489734731781332755e+00 2.549185460312183515e+00
-2.765671300602705607e+00 4.877852087970515171e+00
-1.981017482612586589e+00 1.080397003372231213e+00
2.268855020576478587e+00 5.130274609383427276e+00
-2.409918997001699204e+00 1.857358226189347761e+00
-4.733542499696872241e-01 2.632933849421971728e-01
2.747337180903011600e+00 5.103924415173977991e+00
1.989917098381024374e-01 8.412710122443358696e-01
1.151262683702840128e+00 3.203367304446454344e+00
-1.106906213963622321e+00 -2.277403410113219007e-01
1.119005566089501968e+00 2.584789692557788676e+00
2.007754031384237692e+00 4.819742614351703480e+00
-2.890270335934848944e+00 5.480622797348802422e+00
1.500865889669804609e+00 3.557546477863130718e+00
2.933166533438968493e+00 4.699203505683962945e+00
1.488993926279036373e+00 3.311059808512771596e+00
-1.317336047613568928e+00 -2.013277141881993915e-01
1.735675970708930649e+00 3.540280123936595302e+00
-2.380643960534147840e+00 2.837468786359183426e+00
-3.126388429445690065e-01 6.059285693778937443e-01
2.451573018558573125e+00 4.851825626353662102e+00
-1.238315109757923027e+00 -6.065542816678679561e-01
-1.273347968481907566e+00 4.322143517411776159e-01
-2.219828567290333954e+00 2.620984999295129292e+00
-2.883798252778217552e+00 4.085539875363771500e+00
1.073013197639346217e+00 3.795445044891604169e+00
-1.730231303999645753e+00 1.122299282320630809e+00
-1.406720043766642725e+00 4.976011944759473060e-02
-5.056104431797026066e-02 2.384414166046454620e-01
-2.679824729297517472e+00 4.195095616187867194e+00
4.447056329520782114e-01 1.740170944208849324e+00
-2.119628550565138880e+00 9.902077601164047671e-01
5.358332214197054633e-01 1.411537587147229766e+00
1.198550160125586572e+00 3.705934387942432462e+00
-2.385993427033044956e+00 2.696289518657493112e+00
-5.156640730825898800e-01 -1.852363596089411923e-01
1.166400946366470848e+00 3.627089471550656974e+00
-5.149243828385841049e-01 -4.447563868611988935e-01
-2.700279246323477267e+00 4.280847365583414721e+00
2.153784354930694533e-01 1.374586456899485221e+00
9.827678713187326665e-01 2.896300189234993105e+00
8.933467234985137395e-02 1.050017292383074174e+00
2.667568535944879748e+00 5.226808108190764024e+00
5.193302430119572932e-01 2.366145678349840686e+00
2.420411491727301190e+00 5.129290684697633829e+00
-2.175151775122574627e+00 1.547422860547750023e+00
-2.164341916495448714e+00 1.480240008971114296e+00
1.844347732257142880e+00 4.797599667746553109e+00
-6.139389780867983148e-01 1.334095311339182077e-01
-2.007874817298403336e+00 1.294385649543412065e+00
2.565051482376203396e+00 4.686761143859243361e+00
-9.134048415269608867e-01 -1.421438358711854644e+00
1.504872618816933461e+00 4.513464448601061108e+00
1.355987912102708748e+00 4.824949552951386167e+00
2.299836547234859196e+00 5.064857343286114144e+00
7.420332423336533090e-01 2.423803328919975186e+00
1.505654604164023525e+00 3.927144521893754625e+00
-9.066099481329450427e-01 -2.605802584323119175e-01
-1.380432649409843560e+00 -1.313474898349049624e-01
2.375317309176400826e+00 4.299962411412821872e+00
-4.314528607722305509e-01 -2.556543699774891515e-02
2.789040282890313804e+00 4.197119745035047700e+00
9.806489869106886914e-01 3.109528576618780349e+00
7.301743212547306960e-01 2.299838861360159914e+00
-2.311524162279749106e+00 2.236431359686852360e+00
2.696935552242427647e+00 4.685501522108640238e+00
-3.005271991203568582e-01 9.129457640094754689e-01
4.703376863227903826e-01 1.992295560510221275e+00
-5.511791834323132022e-01 1.180445806563038547e+00
-1.577838118541833756e+00 -8.819433750623936197e-01
2.420277123373522521e+00 4.541096326498810676e+00
4.420769200337151261e-01 2.275755604535046217e+00
-2.982778037813046179e+00 6.959410261716790558e+00
7.028694817243432702e-01 2.264575408558060499e+00
