# X y
7.490802376947249819e-01 1.437330553220948381e+00
1.901428612819832331e+00 4.803200219964122830e+00
1.463987883622810182e+00 3.339785431475706723e+00
1.197316968394073200e+00 2.124979127577175220e+00
3.120372808848730362e-01 5.911283518138895632e-01
3.119890406724052934e-01 7.064144260995204316e-01
1.161672243363989221e-01 6.718671512922196332e-01
1.732352291549870360e+00 4.129481594423705992e+00
1.202230023486417609e+00 2.374549074936894488e+00
1.416145155592090976e+00 3.069894073155394310e+00
4.116898859160489366e-02 4.755205763482615033e-01
1.939819704323988647e+00 5.077745290218630636e+00
1.664885281600843481e+00 3.887815491515775435e+00
4.246782213565523101e-01 9.125954017501471949e-01
3.636499344142012369e-01 7.322464003833989432e-01
3.668090197068676339e-01 9.114496605171803489e-01
6.084844859190754462e-01 9.957638943467560511e-01
1.049512863264475682e+00 2.060088371563120635e+00
8.638900372842315267e-01 1.595197904047013004e+00
5.824582803960838273e-01 7.941985270711322542e-01
1.223705789444758940e+00 2.656021739198139553e+00
2.789877213040836690e-01 6.395743872188953683e-01
5.842892970704363087e-01 1.091357475402226829e+00
7.327236865873834049e-01 1.338469260577008546e+00
9.121399684340718572e-01 1.503065311535171089e+00
1.570351922786027199e+00 3.585726729281285330e+00
3.993475643167194722e-01 7.004135188556379621e-01
1.028468876827223211e+00 1.911324595934587034e+00
1.184829137724084935e+00 2.455437059590882320e+00
9.290082543999544917e-02 4.301839193284775487e-01
1.215089703802876731e+00 2.949659125260804871e+00
3.410482473745830578e-01 7.131992402189069047e-01
1.301031859705590321e-01 4.443083933648793171e-01
1.897771074506666489e+00 4.834033179779074096e+00
1.931264066149118719e+00 4.594845492988430813e+00
1.616794696232922268e+00 3.822010738468259561e+00
6.092275383467413707e-01 1.149642225444969412e+00
1.953442280127677400e-01 9.666121760732531154e-01
1.368466053024313789e+00 2.984518363778047689e+00
8.803049874792026053e-01 1.771817109181494487e+00
2.440764696895576513e-01 5.318141080405971444e-01
9.903538202225403708e-01 1.742218729620668594e+00
6.877704223043679121e-02 5.508893162869163973e-01
1.818640804157564128e+00 4.699618191605072326e+00
5.175599632000338346e-01 1.126667589239358502e+00
1.325044568707963943e+00 2.709974409545871765e+00
6.234221521788219089e-01 1.445472399236497507e+00
1.040136042355621626e+00 1.821178069752577233e+00
1.093420558686559296e+00 2.357468366065433862e+00
3.697089110510540788e-01 1.160313545395966983e+00
1.939169255529117120e+00 4.811345041694992553e+00
1.550265646722229107e+00 3.489498782356993178e+00
1.878997883128378232e+00 4.796902939746601646e+00
1.789654700855297653e+00 4.341107531252156093e+00
1.195799957622170284e+00 2.208120425395831976e+00
1.843748470046233656e+00 4.657017380605809720e+00
1.769850041038389943e-01 2.380170301168449409e-01
3.919657248382903969e-01 8.519120580513315222e-01
9.045457782107613198e-02 1.627062539609073211e-01
6.506606615265286830e-01 1.528167014873641705e+00
7.773545793789640168e-01 1.323914027472801180e+00
5.426980635477918202e-01 9.491766514405489685e-01
1.657475018303858683e+00 4.130596039003824771e+00
7.135066533871785577e-01 1.099152598421216043e+00
5.618690193747615247e-01 1.094133602495454438e+00
1.085392166316496931e+00 2.480377833198896376e+00
2.818484499495252926e-01 2.699307145914923156e-01
1.604393961508079336e+00 3.821880721007230974e+00
1.491012873595416455e-01 4.677512416284307917e-01
1.973773873201034590e+00 5.301975924454756850e+00
1.544489538593314837e+00 3.336185347535841395e+00
3.974313630683448118e-01 5.018038067142613912e-01
1.104423424720479829e-02 3.655240287031646940e-01
1.630922856909668317e+00 3.935251815449101631e+00
1.413714687695234229e+00 3.212755171418334665e+00
1.458014336081974616e+00 3.371658331146790921e+00
1.542540693371891480e+00 3.441109592087370217e+00
1.480893034681807219e-01 4.609878742516496652e-01
7.169314570885452209e-01 1.411038987370609954e+00
2.317381190502594279e-01 3.791447523107001061e-01
1.726206851751187044e+00 4.584204325254697565e+00
1.246596253655115838e+00 2.756864502557700547e+00
6.617960497052983726e-01 1.002015858818921856e+00
1.271167005720472698e-01 5.205464139720559213e-01
6.219646434313244043e-01 9.671583226448509096e-01
6.503666440534940918e-01 1.375016143575037653e+00
1.459212356676128142e+00 3.537906998884833953e+00
1.275114942710426247e+00 2.580417066882644050e+00
1.774425485152653081e+00 4.578540062770938945e+00
9.444298503238985898e-01 1.945946842348314387e+00
2.391884918766034041e-01 6.965088748601543367e-01
1.426489574445990005e+00 3.582002550479105540e+00
1.521570097233794883e+00 3.458874144630265324e+00
1.122554395138992467e+00 2.166903439801896258e+00
1.541934359909121977e+00 3.397202651685282682e+00
9.875911927287814862e-01 1.805931408702286634e+00
1.045465658763988115e+00 2.099794149622281836e+00
8.550820367170992586e-01 1.721686398817624974e+00
5.083825348819037693e-02 3.581148093674913491e-01
2.157828539866089024e-01 6.661411838497682814e-01
