# X y
1.547912097111926677e+00 3.674890837745696359e+00
8.777568795041046368e-01 1.524503923069679967e+00
1.717195839822764913e+00 4.103134493243344671e+00
1.394736058118727806e+00 3.363548221538366523e+00
1.883546957752990636e-01 3.937100201284679524e-01
1.951244703273511849e+00 5.204264736006630976e+00
1.522279403980705936e+00 3.323556805816620496e+00
1.572128610553907624e+00 3.634732375072001531e+00
2.562272653510917486e-01 3.654621630009494693e-01
9.007718757911342689e-01 1.691507739773230767e+00
7.415960484651624718e-01 1.572131200280999064e+00
1.853529977697203623e+00 4.334745926725380727e+00
1.287730240161329087e+00 2.868301847439966412e+00
1.645523226541659945e+00 3.973880363824171980e+00
8.868283976546622593e-01 1.607846861680355177e+00
4.544774435695537740e-01 5.701781827270004932e-01
1.109169574031669603e+00 2.296288333542640281e+00
1.276345122083506478e-01 2.839538969255878675e-01
1.655262343985164142e+00 4.006717656817549766e+00
1.263328798244129691e+00 2.714698966703536165e+00
1.516175480170747658e+00 3.810622323438178416e+00
7.090519362597367259e-01 1.288246797000393018e+00
1.941396048789806539e+00 4.813460513957938502e+00
1.786242242644395350e+00 4.465093381691118246e+00
1.556766994147523731e+00 3.668408936492214334e+00
3.892774157039351479e-01 1.024767610534873308e+00
9.334420074540683565e-01 2.003949742596895067e+00
8.760753157445755335e-02 4.147380530957865963e-01
3.085789841350956575e-01 9.226553044663938774e-01
1.366097906484909252e+00 2.778012913197178246e+00
1.489524311815634272e+00 3.275586011883063531e+00
1.935019464868420025e+00 4.807929523652065384e+00
6.516507162763038874e-01 1.142175247662715165e+00
7.409194120697377706e-01 1.127303363944800463e+00
9.391116225516158433e-01 1.977589791623143078e+00
3.789427181685713908e-01 6.921963664885556478e-01
2.598430106709432863e-01 2.663205444163166957e-01
9.514098524518674882e-01 1.677179566717222459e+00
4.538186981017682253e-01 9.209850256518952172e-01
1.339627989365020699e+00 3.103205665361522758e+00
8.743038377446614717e-01 2.096955416604301181e+00
1.665356392115674877e+00 4.578187819887544308e+00
1.400530204004498236e+00 3.204525729906358755e+00
6.247332827640821318e-01 9.695444147025991111e-01
1.664519602790402120e+00 3.566079477699278577e+00
1.609528714993603726e+00 3.856008020754092325e+00
7.749567580603489159e-01 1.312787021645838159e+00
5.766562078604882124e-01 9.929840423725799781e-01
1.364991007949950985e+00 2.889971986976156870e+00
2.795049672186196155e-01 5.599390599602537266e-01
3.998164049502166417e-01 9.829023193582321349e-01
1.472453950201102479e-02 2.962968620387396168e-01
1.573848755004276789e+00 3.649871715317923204e+00
1.329701713184064271e+00 2.698650947152378521e+00
1.410330757252670209e+00 2.817168801951466239e+00
1.561458062043935779e+00 3.542809939870772418e+00
9.178315510766799079e-01 1.788886108026883859e+00
1.137482391905787482e+00 2.711468018543548020e+00
2.795939962553148916e-01 6.142785026064048193e-01
2.290601470719468846e-01 7.149594625090247568e-01
1.336805923580943301e+00 2.827234361863937284e+00
9.421924122862650464e-01 1.620998565330218577e+00
1.130472212962377654e+00 2.145924428725944910e+00
1.529997714832051159e+00 3.390622257468374645e+00
1.269436640001181615e+00 3.153732623721331674e+00
1.107158801315991647e+00 2.112231923969711822e+00
1.118414321490827090e+00 2.474250108124936620e+00
6.079001961252243902e-01 9.544717468446337616e-01
6.163566913587881224e-02 5.007994884930982993e-01
8.734347784647247259e-01 1.772591205859689545e+00
4.291693456390583972e-01 7.859815115346334702e-01
8.170572874492723070e-01 1.559591740452657582e+00
1.706806146536332225e+00 4.010739023841106921e+00
4.678789717306814921e-01 9.712764611679174376e-01
1.166054833781320355e-01 2.858064163753619158e-01
5.627677840439930801e-01 8.051773153588832610e-01
5.871875155333672325e-01 8.401918844681295351e-01
1.323833029453790111e+00 2.922751030402813921e+00
1.114064304682556683e+00 2.610737012190514683e+00
1.567796418212827003e+00 3.693283947648241750e+00
1.328627080654775083e+00 2.878836855019720975e+00
8.127737228801410474e-01 1.615389794253982991e+00
1.628040769332069315e+00 4.127128677628951081e+00
3.339458398154078189e-01 7.114622080356926004e-01
4.542414626772095509e-02 2.147862148990870024e-01
1.800957215512835052e-01 6.756793152540694347e-01
1.444718701192900578e+00 3.345879083067599513e+00
9.237544605027747657e-01 2.120897386376052740e+00
3.225435580672035840e-01 6.872162056495735305e-01
1.002089550206727075e+00 1.760333343837767295e+00
3.046242054263368360e-01 3.505892954759240454e-01
1.392640750155472062e+00 3.427412530846918770e+00
8.923125511480614058e-01 2.084211962006992103e+00
7.620424521929649586e-01 1.411670133744645339e+00
6.030241782957530550e-01 1.049115333775506587e+00
1.260565186237776913e+00 2.994622486252228377e+00
7.236252211067808471e-01 1.144941180164461336e+00
1.752998386322019986e-01 2.694019599093937511e-01
2.360118042410306316e-01 6.564533419846694251e-01
1.923795329099029061e+00 4.870615655724542137e+00
