# X y (dataset 3)
-4.978679717845562180e-01 8.789142663568535463e-01
1.321946960652948810e+00 2.090373379661617292e+00
-2.999313751095930680e+00 9.110563197091170906e+00
-1.186004564208961387e+00 1.264137730240996405e+00
-2.119464655097321959e+00 2.620314933731094253e+00
-2.445968431387213204e+00 5.818003222248499640e+00
-1.882438731733974580e+00 6.056200973745795579e-01
-9.266356377417137580e-01 -7.518874043781642591e-01
-6.193951546159803812e-01 3.924960077755972887e-01
2.329004040201416714e-01 3.139665572087226408e+00
-4.848329135802309509e-01 6.711876226251886068e-01
1.111317002380556751e+00 5.682878274166717425e+00
-1.773286501610895405e+00 -6.877826769666275375e-01
2.268704618345672941e+00 8.838530020269608656e+00
-2.835674440812443020e+00 8.105909516992131358e+00
1.022805061070413579e+00 7.398902591854820798e+00
-4.961711857972384010e-01 2.648961381248570390e+00
3.521389706745097214e-01 3.103412087590093904e+00
-2.157678368428597615e+00 1.621893450106723922e+00
-1.811391065490727259e+00 -4.932894504266318592e-01
1.804467412053219810e+00 8.270925652288156016e+00
2.809569454316385162e+00 7.973184053705670848e+00
-1.119454931044542967e+00 -1.095019706621051636e+00
1.153935694015884472e+00 5.676075325107575509e+00
2.258334913776229413e+00 6.836605520222839516e+00
2.367639981023083706e+00 9.523694916014960654e+00
-2.489734731781332755e+00 3.742876435832910964e+00
-2.765671300602705607e+00 9.582781739126581044e+00
-1.981017482612586589e+00 2.276435368561649408e+00
2.268855020576478587e+00 9.270655098536368044e+00
-2.409918997001699204e+00 1.831976126011165107e+00
-4.733542499696872241e-01 6.374582884791276660e-01
2.747337180903011600e+00 9.397640418032972676e+00
1.989917098381024374e-01 2.970186509189404189e-01
1.151262683702840128e+00 5.047470614144151213e+00
-1.106906213963622321e+00 -3.429149834719380507e-01
1.119005566089501968e+00 2.724752883807858961e+00
2.007754031384237692e+00 8.427298014847931285e+00
-2.890270335934848944e+00 1.015053142548922516e+01
1.500865889669804609e+00 4.949317233234625135e+00
2.933166533438968493e+00 8.266891972322762072e+00
1.488993926279036373e+00 4.010162240363723818e+00
-1.317336047613568928e+00 -3.817334428365123378e-01
1.735675970708930649e+00 4.040308062994907523e+00
-2.380643960534147840e+00 6.050477966954447950e+00
-3.126388429445690065e-01 1.489231488051486085e+00
2.451573018558573125e+00 8.085520975876743677e+00
-1.238315109757923027e+00 -1.916533438159671476e+00
-1.273347968481907566e+00 2.205233400631630314e+00
-2.219828567290333954e+00 6.672640589924833776e+00
-2.883798252778217552e+00 4.670313894536341159e+00
1.073013197639346217e+00 7.786134975179225037e+00
-1.730231303999645753e+00 3.771191808388894895e+00
-1.406720043766642725e+00 4.765973998048860238e-01
-5.056104431797026066e-02 -9.969426717311935526e-01
-2.679824729297517472e+00 8.020621402753441487e+00
4.447056329520782114e-01 2.699698187788938775e+00
-2.119628550565138880e+00 9.531745244760991831e-01
5.358332214197054633e-01 9.291042246971892293e-01
1.198550160125586572e+00 6.838503994539847142e+00
-2.385993427033044956e+00 5.431932352065875769e+00
-5.156640730825898800e-01 -1.035454949000188751e+00
1.166400946366470848e+00 6.671775261464413909e+00
-5.149243828385841049e-01 -2.075595692802966408e+00
-2.700279246323477267e+00 8.092476666214796666e+00
2.153784354930694533e-01 2.353047026031213740e+00
9.827678713187326665e-01 4.626628406849914832e+00
8.933467234985137395e-02 1.637631870413659652e+00
2.667568535944879748e+00 9.752500940460661738e+00
5.193302430119572932e-01 4.830461689564379490e+00
2.420411491727301190e+00 9.194394495177633075e+00
-2.175151775122574627e+00 2.748159672293248867e+00
-2.164341916495448714e+00 2.566114807799614539e+00
1.844347732257142880e+00 8.743155420576565362e+00
-6.139389780867983148e-01 4.936911867300464163e-01
-2.007874817298403336e+00 2.959079383111451911e+00
2.565051482376203396e+00 7.477202553041912836e+00
-9.134048415269608867e-01 -5.210876736760948091e+00
1.504872618816933461e+00 8.757283139190684906e+00
1.355987912102708748e+00 1.061443491024910557e+01
2.299836547234859196e+00 8.984104466276086498e+00
7.420332423336533090e-01 3.936996334979301349e+00
1.505654604164023525e+00 6.408943222961571706e+00
-9.066099481329450427e-01 -5.743487377369669300e-01
-1.380432649409843560e+00 -1.994038107195403864e-01
2.375317309176400826e+00 5.885428766887764063e+00
-4.314528607722305509e-01 -6.445512680580687270e-01
2.789040282890313804e+00 5.858901047540827633e+00
9.806489869106886914e-01 5.489913947539302619e+00
7.301743212547306960e-01 3.501007968360836387e+00
-2.311524162279749106e+00 4.316525345394790492e+00
2.696935552242427647e+00 7.632690651280505278e+00
-3.005271991203568582e-01 2.674705403401792303e+00
4.703376863227903826e-01 3.580416938572895003e+00
-5.511791834323132022e-01 4.523713509298986857e+00
-1.577838118541833756e+00 -3.681947255558157828e+00
2.420277123373522521e+00 6.841624864269017614e+00
4.420769200337151261e-01 4.855115492333451854e+00
-2.982778037813046179e+00 1.458135626296216358e+01
7.028694817243432702e-01 3.497903468818688744e+00
