-2.386911690647149434e-02 -1.124501471896770764e-02 3.297888075641186023e-01 -1.353333071727362003e-01 -3.176299368877001927e-01 2.355402266456849483e-02 -1.756707982293925219e-01 1.917833613668200104e-03 3.204505890027685155e-01 1.525358658675446920e-02
-1.124501471896853858e-02 1.495476838142255696e-02 5.926055499381084335e-01 -2.685055403097715843e-01 -5.717751040224411385e-01 8.777011586174247523e-03 -3.373350588852557785e-01 -2.893804900988213025e-02 5.746094288623680990e-01 6.254003555378950807e-02
3.297888075641166594e-01 5.926055499381065461e-01 4.873400131272947355e+00 -2.549695279697379302e+00 -4.716952836552753325e+00 -3.754897944197606030e-01 -3.067068408326615980e+00 -6.708804444555349633e-01 4.711290048456598711e+00 9.843054671071471695e-01
-1.353333071727366166e-01 -2.685055403097730276e-01 -2.549695279697389960e+00 1.304130237965713146e+00 2.466786358681189562e+00 1.569100497902023994e-01 1.579085343999942381e+00 3.128757221654781540e-01 -2.466693355361986750e+00 -4.734265600887472836e-01
-3.176299368876985274e-01 -5.717751040224388070e-01 -4.716952836552752437e+00 2.466786358681185121e+00 4.565617821605024496e+00 3.617277548968423906e-01 2.967727832459645221e+00 6.477636905704584613e-01 -4.560408007912100992e+00 -9.509290898517488433e-01
2.355402266456828667e-02 8.777011586173239649e-03 -3.754897944197623239e-01 1.569100497902016500e-01 3.617277548968447776e-01 -2.297281073022556033e-02 2.024183168030830315e-01 1.509221242410881559e-03 -3.646522587234614088e-01 -2.137593034674516515e-02
-1.756707982293911341e-01 -3.373350588852547238e-01 -3.067068408326610651e+00 1.579085343999937274e+00 2.967727832459655435e+00 2.024183168030815883e-01 1.908351100672567968e+00 3.895506216781926545e-01 -2.966663600625580433e+00 -5.838366505135698104e-01
1.917833613668215283e-03 -2.893804900988286924e-02 -6.708804444555372948e-01 3.128757221654773768e-01 6.477636905704610149e-01 1.509221242410645420e-03 3.895506216781948194e-01 4.387282820276470346e-02 -6.503154426260693288e-01 -8.284503807869637859e-02
3.204505890027656845e-01 5.746094288623666557e-01 4.711290048456614699e+00 -2.466693355361973872e+00 -4.560408007912099215e+00 -3.646522587234579671e-01 -2.966663600625568442e+00 -6.503154426260683296e-01 4.555148504649143781e+00 9.533564110640824207e-01
1.525358658675423328e-02 6.254003555378999379e-02 9.843054671071461703e-01 -4.734265600887448411e-01 -9.509290898517536172e-01 -2.137593034674462392e-02 -5.838366505135661466e-01 -8.284503807869560144e-02 9.533564110640789790e-01 1.416009416995359926e-01
