-2.338258494723736147e-01 -3.646719021616875445e-01 -2.177247890335357816e+00 1.205965809464176086e+00 2.105578531593054414e+00 2.614991214547680021e-01 1.427585187134566169e+00 3.883999269286796396e-01 -2.090395509988095313e+00 -5.398755707523669178e-01
-3.646719021616861012e-01 -5.687377872305571236e-01 -3.395608874885860384e+00 1.880809357355590183e+00 3.283834229617854650e+00 4.078307947975053915e-01 2.226444197101990596e+00 6.057437211161557089e-01 -3.260154976952947870e+00 -8.419832613081243977e-01
-2.177247890335364922e+00 -3.395608874885873707e+00 -2.027324347015760964e+01 1.122923971150888889e+01 1.960590082829195424e+01 2.434925017044423878e+00 1.329282816239701681e+01 3.616550195027919745e+00 -1.946452551913377960e+01 -5.027001719940599855e+00
1.205965809464171867e+00 1.880809357355585298e+00 1.122923971150887823e+01 -6.219815032761887963e+00 -1.085960223804530678e+01 -1.348691773775119618e+00 -7.362825494557720063e+00 -2.003187557454862322e+00 1.078129522031709975e+01 2.784429014847797035e+00
2.105578531593061520e+00 3.283834229617865308e+00 1.960590082829197911e+01 -1.085960223804532987e+01 -1.896052537694062323e+01 -2.354773594998362363e+00 -1.285526270441698493e+01 -3.497502734016451509e+00 1.882380377662024884e+01 4.861525849570532465e+00
2.614991214547683351e-01 4.078307947975080006e-01 2.434925017044415885e+00 -1.348691773775123615e+00 -2.354773594998353925e+00 -2.924475231285099119e-01 -1.596539788393398940e+00 -4.343670295398449066e-01 2.337793663909963016e+00 6.037698046011616970e-01
1.427585187134561728e+00 2.226444197101991485e+00 1.329282816239703102e+01 -7.362825494557725392e+00 -1.285526270441699381e+01 -1.596539788393395165e+00 -8.715886079852886326e+00 -2.371311741703063802e+00 1.276256526832040450e+01 3.296121320380179576e+00
3.883999269286800282e-01 6.057437211161579294e-01 3.616550195027913972e+00 -2.003187557454868095e+00 -3.497502734016446624e+00 -4.343670295398457393e-01 -2.371311741703066023e+00 -6.451575117918146862e-01 3.472282748735814550e+00 8.967683970953491679e-01
-2.090395509988105083e+00 -3.260154976952941652e+00 -1.946452551913375828e+01 1.078129522031711396e+01 1.882380377662018134e+01 2.337793663909961239e+00 1.276256526832033344e+01 3.472282748735821212e+00 -1.868806805594311982e+01 -4.826470091307612620e+00
-5.398755707523656966e-01 -8.419832613081229544e-01 -5.027001719940598079e+00 2.784429014847801476e+00 4.861525849570570657e+00 6.037698046011590325e-01 3.296121320380178688e+00 8.967683970953427286e-01 -4.826470091307642818e+00 -1.246507315392559656e+00
