-6.377813659691805803e+00 -6.968840681673706960e+00 -1.280203334354307643e+01 1.017205538279692867e+01 1.266097018107289252e+01 6.506001296170120796e+00 1.085662406844756234e+01 7.089105406491029271e+00 -1.265249089022962181e+01 -7.712058568248008505e+00
-6.968840681673703408e+00 -7.468937625249084888e+00 -1.158492496474267242e+01 1.002542862416046887e+01 1.155557667499317809e+01 7.075385209477962789e+00 1.049055333368835896e+01 7.587807783918702143e+00 -1.159935776602708835e+01 -8.091416265588135204e+00
-1.280203334354306755e+01 -1.158492496474268663e+01 3.260463725354733100e+01 -4.415571541840811243e+00 -2.998239364168049548e+01 1.276092199088334844e+01 -9.739986462528447575e+00 1.084527391945479735e+01 2.944555475337711314e+01 -8.931994813987028436e+00
1.017205538279692689e+01 1.002542862416047598e+01 -4.415571541840817460e+00 -5.277569547955486051e+00 3.524157240563669191e+00 -1.023409419808452725e+01 -3.501869773016148102e+00 -9.786719747131353841e+00 -3.371956234307291300e+00 9.367150605324278345e+00
1.266097018107285699e+01 1.155557667499317098e+01 -2.998239364168050258e+01 3.524157240563669635e+00 2.756367734041077355e+01 -1.264066746800612862e+01 8.531968207352372602e+00 -1.083556392790618794e+01 -2.711160128212018705e+01 9.071280024335736769e+00
6.506001296170117243e+00 7.075385209477963677e+00 1.276092199088335377e+01 -1.023409419808453791e+01 -1.264066746800613927e+01 -6.624765260771629194e+00 -1.089515583605430571e+01 -7.208612647680539887e+00 1.265435612935823428e+01 7.806628887979579545e+00
1.085662406844757655e+01 1.049055333368837140e+01 -9.739986462528445799e+00 -3.501869773016146770e+00 8.531968207352379707e+00 -1.089515583605432703e+01 -1.027445368726791264e+00 -1.015606231010601590e+01 -8.313470395380607059e+00 9.432558708334271458e+00
7.089105406491024830e+00 7.587807783918721682e+00 1.084527391945479735e+01 -9.786719747131366276e+00 -1.083556392790620393e+01 -7.208612647680546992e+00 -1.015606231010601412e+01 -7.665393284025364906e+00 1.084888782992169887e+01 8.155755614561545741e+00
-1.265249089022966089e+01 -1.159935776602699598e+01 2.944555475337712380e+01 -3.371956234307291300e+00 -2.711160128212019416e+01 1.265435612935817922e+01 -8.313470395380660349e+00 1.084888782992171841e+01 2.673446270103913136e+01 -9.144895098562757951e+00
-7.712058568248008505e+00 -8.091416265588177836e+00 -8.931994813987060411e+00 9.367150605324319201e+00 9.071280024335756309e+00 7.806628887979599973e+00 9.432558708334276787e+00 8.155755614561501332e+00 -9.144895098562697555e+00 -8.488328215921097097e+00
